(array([0.27404518, 0.47212729, 0.25994774, 0.52270612]), array([[6.52673562e-03, 1.27478928e-05, 2.92351167e-06, ...,
        2.10199780e-06, 2.09011653e-06, 7.26568248e-07],
       [1.23022621e-02, 8.58043691e-06, 2.17844616e-07, ...,
        1.49124226e-06, 1.67493953e-07, 2.12482970e-06],
       [3.02808370e-03, 2.34131285e-05, 1.26502613e-06, ...,
        1.77288981e-06, 4.20468340e-06, 3.63529793e-06],
       [7.96478245e-03, 2.82856464e-06, 8.88435954e-06, ...,
        1.34301503e-06, 4.01089824e-07, 2.90131292e-07]]), array([[ 0.35935578,  1.09385357,  0.27160781,  0.80400917],
       [ 0.72988508,  1.80565662,  0.61122408,  2.38206054],
       [ 0.27452798,  0.65730939,  0.26241573,  1.33457322],
       ...,
       [30.01466784, 20.63870259, 31.83030116, 29.04515474],
       [ 0.27452798,  0.65730939,  0.26241573,  1.33457322],
       [ 0.35935578,  1.09385357,  0.27160781,  0.80400917]]), array([array([[0.0853106 , 0.62172628, 0.01166007, 0.28130305]]),
       array([[0.0604071 , 0.4950846 , 0.00454406, 0.43996424],
       [0.10527405, 0.01657654, 0.03334109, 0.84480832],
       [0.22975166, 0.32678359, 0.30884712, 0.13461763],
       [0.0604071 , 0.4950846 , 0.00454406, 0.43996424]]),
       array([[4.82804286e-04, 1.85182105e-01, 2.46799082e-03, 8.11867100e-01]]),
       ...,
       array([[3.35134959e-01, 4.80129566e-02, 5.35362293e-01, 8.14897913e-02],
       [7.66822417e-02, 7.95340602e-02, 8.36090104e-01, 7.69359415e-03],
       [2.33413162e-01, 2.96678243e-05, 1.76386890e-01, 5.90170280e-01],
       [2.68627980e-01, 2.14655658e-01, 9.12469563e-02, 4.25469406e-01],
       [6.61366078e-01, 7.89830098e-02, 1.48443120e-01, 1.11207793e-01],
       [1.64367177e-01, 3.97828744e-02, 5.62617964e-01, 2.33231984e-01],
       [6.76847073e-01, 1.73373764e-01, 1.08260912e-01, 4.15182520e-02],
       [4.90623710e-02, 1.60863707e-01, 2.63970709e-01, 5.26103213e-01],
       [4.54158729e-01, 3.77467322e-01, 7.75212510e-02, 9.08526981e-02],
       [6.31306550e-01, 4.85945361e-02, 2.50703341e-01, 6.93955736e-02],
       [7.42853956e-03, 3.13281812e-01, 3.87433017e-01, 2.91856632e-01],
       [6.09779756e-01, 2.37929797e-01, 4.11971288e-02, 1.11093319e-01],
       [4.81922099e-01, 9.66184825e-02, 2.11186442e-02, 4.00340774e-01],
       [7.19501155e-03, 2.26407431e-01, 6.99870503e-01, 6.65270554e-02],
       [3.00262250e-01, 1.50153592e-01, 1.81505021e-01, 3.68079137e-01],
       [1.75046989e-01, 2.65637702e-01, 1.83940079e-01, 3.75375230e-01],
       [4.95977191e-01, 7.43973528e-02, 4.20599763e-01, 9.02569267e-03],
       [1.25921084e-01, 2.23682469e-01, 1.47387882e-01, 5.03008565e-01],
       [1.11929741e-01, 2.69848743e-01, 5.73794177e-01, 4.44273393e-02],
       [2.43393530e-01, 4.32099041e-01, 1.83364970e-01, 1.41142459e-01],
       [2.68627980e-01, 2.14655658e-01, 9.12469563e-02, 4.25469406e-01],
       [3.13324720e-01, 1.78839422e-01, 4.42624990e-01, 6.52108687e-02],
       [4.84014309e-01, 8.35087301e-03, 2.24510982e-02, 4.85183719e-01],
       [1.49191185e-02, 4.54761285e-03, 7.24514818e-01, 2.56018451e-01],
       [1.41673318e-01, 7.96071951e-02, 2.33804013e-01, 5.44915474e-01],
       [9.01330594e-02, 7.77841783e-01, 6.23920222e-02, 6.96331359e-02],
       [1.50451907e-01, 1.15476959e-01, 6.63202214e-02, 6.67750912e-01],
       [6.61366078e-01, 7.89830098e-02, 1.48443120e-01, 1.11207793e-01],
       [5.21373440e-02, 9.75469110e-02, 5.92801310e-01, 2.57514435e-01],
       [2.62290176e-01, 2.53876597e-01, 1.58095142e-03, 4.82252275e-01],
       [4.76743813e-01, 2.50272747e-01, 4.02851265e-02, 2.32698313e-01],
       [3.87319229e-01, 5.61103093e-02, 4.99212977e-01, 5.73574844e-02],
       [9.21505066e-02, 9.89112138e-02, 3.77759320e-01, 4.31178960e-01],
       [4.54158729e-01, 3.77467322e-01, 7.75212510e-02, 9.08526981e-02],
       [4.24096559e-01, 8.60698418e-02, 8.68712785e-02, 4.02962320e-01],
       [1.16249218e-01, 2.27940073e-01, 4.51982831e-03, 6.51290880e-01],
       [6.53440802e-01, 1.94572686e-01, 1.12335913e-01, 3.96505992e-02],
       [3.04145629e-01, 2.13569634e-02, 5.13757483e-01, 1.60739925e-01],
       [1.49191185e-02, 4.54761285e-03, 7.24514818e-01, 2.56018451e-01],
       [1.07470835e-01, 6.43399411e-02, 4.75679088e-01, 3.52510136e-01],
       [2.61861474e-01, 1.80854789e-01, 2.66966504e-01, 2.90317234e-01],
       [9.83531410e-02, 3.09453825e-02, 6.11406090e-01, 2.59295387e-01],
       [6.61366078e-01, 7.89830098e-02, 1.48443120e-01, 1.11207793e-01],
       [2.51039189e-02, 6.26664664e-01, 2.07760594e-01, 1.40470823e-01],
       [1.55224352e-01, 8.65195757e-02, 7.07866149e-01, 5.03899228e-02],
       [8.80694704e-02, 7.74958778e-01, 1.32890041e-02, 1.23682747e-01],
       [4.97454160e-02, 3.05625611e-02, 8.74025919e-01, 4.56661035e-02],
       [8.53789442e-02, 4.53766134e-01, 4.14744555e-01, 4.61103674e-02],
       [4.78451946e-01, 3.08460490e-01, 1.28224932e-01, 8.48626316e-02],
       [3.87319229e-01, 5.61103093e-02, 4.99212977e-01, 5.73574844e-02],
       [2.62290176e-01, 2.53876597e-01, 1.58095142e-03, 4.82252275e-01],
       [4.93339018e-02, 1.15998451e-01, 7.80508488e-01, 5.41591588e-02],
       [7.19501155e-03, 2.26407431e-01, 6.99870503e-01, 6.65270554e-02],
       [3.00262250e-01, 1.50153592e-01, 1.81505021e-01, 3.68079137e-01],
       [6.25272043e-02, 5.57848557e-02, 2.11447074e-01, 6.70240866e-01],
       [4.90432456e-01, 2.21833154e-01, 1.08162666e-01, 1.79571724e-01],
       [3.15696576e-01, 1.26573100e-01, 1.19836662e-01, 4.37893662e-01],
       [5.60386837e-01, 1.64545443e-01, 2.29753866e-01, 4.53138543e-02],
       [2.15040148e-02, 7.38936391e-02, 6.54867934e-01, 2.49734412e-01],
       [3.64500067e-01, 1.42675651e-01, 2.32711124e-01, 2.60113158e-01],
       [3.08470801e-01, 1.78408785e-01, 4.44020661e-01, 6.90997527e-02],
       [4.16054205e-01, 2.03009334e-01, 3.23455591e-02, 3.48590902e-01],
       [6.25272043e-02, 5.57848557e-02, 2.11447074e-01, 6.70240866e-01],
       [2.66394880e-01, 2.94051386e-02, 1.12174401e-01, 5.92025581e-01],
       [1.13919699e-01, 4.53386827e-01, 2.37106603e-01, 1.95586871e-01],
       [3.15696576e-01, 1.26573100e-01, 1.19836662e-01, 4.37893662e-01],
       [2.13809539e-01, 4.09274984e-01, 3.40063324e-02, 3.42909144e-01],
       [3.24243399e-01, 1.89633158e-01, 2.80199706e-01, 2.05923736e-01],
       [2.69862327e-01, 3.04647667e-01, 3.99592368e-01, 2.58976388e-02],
       [2.06751975e-01, 3.22489557e-01, 1.70365665e-01, 3.00392802e-01],
       [3.01389936e-01, 1.99106101e-02, 6.21210218e-01, 5.74892364e-02],
       [1.35813433e-01, 2.57257760e-01, 1.21615116e-01, 4.85313691e-01],
       [2.66394880e-01, 2.94051386e-02, 1.12174401e-01, 5.92025581e-01],
       [7.66822417e-02, 7.95340602e-02, 8.36090104e-01, 7.69359415e-03],
       [2.33413162e-01, 2.96678243e-05, 1.76386890e-01, 5.90170280e-01],
       [2.99122069e-01, 4.78774538e-02, 3.68169253e-01, 2.84831224e-01],
       [4.48524409e-01, 8.81895876e-02, 4.30681699e-01, 3.26043043e-02],
       [4.79418804e-01, 2.94146648e-01, 2.19622214e-01, 6.81233470e-03],
       [3.26658222e-02, 6.06932677e-02, 1.86281969e-02, 8.88012713e-01],
       [4.20707894e-01, 4.00186874e-01, 2.61801395e-02, 1.52925092e-01],
       [5.56849855e-01, 1.24220805e-01, 1.57810147e-01, 1.61119192e-01],
       [1.43671309e-01, 1.02253311e-01, 1.96455282e-01, 5.57620098e-01],
       [6.11189426e-01, 3.73633910e-02, 2.74189132e-01, 7.72580502e-02],
       [3.15740280e-03, 1.11042918e-02, 5.96236625e-01, 3.89501680e-01],
       [4.99931726e-01, 9.03463565e-02, 1.27397038e-01, 2.82324880e-01],
       [2.36378980e-01, 5.95885336e-01, 7.76645518e-03, 1.59969229e-01],
       [2.33365650e-01, 3.10883315e-01, 4.05942208e-01, 4.98088260e-02],
       [2.68627980e-01, 2.14655658e-01, 9.12469563e-02, 4.25469406e-01],
       [4.42074129e-02, 1.43543714e-01, 5.12131812e-01, 3.00117061e-01],
       [6.98507346e-01, 5.93704446e-02, 1.66540586e-01, 7.55816231e-02],
       [4.84014309e-01, 8.35087301e-03, 2.24510982e-02, 4.85183719e-01],
       [3.53173349e-01, 1.76964396e-01, 2.66285656e-01, 2.03576599e-01],
       [5.77300853e-01, 2.55953259e-01, 9.73246629e-02, 6.94212244e-02],
       [9.44218883e-02, 1.40047240e-01, 1.71343226e-01, 5.94187646e-01],
       [6.73289194e-02, 6.70451672e-01, 1.56710676e-01, 1.05508732e-01],
       [3.54622001e-02, 2.18384023e-01, 5.11399452e-01, 2.34754325e-01],
       [1.49191185e-02, 4.54761285e-03, 7.24514818e-01, 2.56018451e-01],
       [4.84014309e-01, 8.35087301e-03, 2.24510982e-02, 4.85183719e-01],
       [7.63361387e-02, 5.57568507e-02, 6.18164064e-01, 2.49742946e-01],
       [2.10968259e-01, 2.98351542e-01, 3.68438172e-01, 1.22242027e-01],
       [2.09636287e-01, 4.48707030e-01, 3.19337032e-01, 2.23196518e-02],
       [1.74591239e-01, 1.45105019e-01, 6.02741182e-02, 6.20029624e-01],
       [2.28838276e-01, 4.70270827e-01, 2.13852602e-01, 8.70382945e-02],
       [6.14723671e-01, 1.32742737e-01, 8.03480308e-03, 2.44498789e-01],
       [2.68627980e-01, 2.14655658e-01, 9.12469563e-02, 4.25469406e-01],
       [7.66822417e-02, 7.95340602e-02, 8.36090104e-01, 7.69359415e-03],
       [2.33413162e-01, 2.96678243e-05, 1.76386890e-01, 5.90170280e-01],
       [2.83889928e-01, 3.43201365e-01, 9.63377634e-02, 2.76570944e-01],
       [2.62179704e-01, 1.68880824e-01, 5.53386797e-01, 1.55526754e-02],
       [1.97893054e-01, 2.24582366e-01, 4.67118484e-01, 1.10406095e-01]]),
       array([[4.82804286e-04, 1.85182105e-01, 2.46799082e-03, 8.11867100e-01]]),
       array([[0.0853106 , 0.62172628, 0.01166007, 0.28130305]])],
      dtype=object))